rank cols:  0
rank rows:  0
Shape of A:  (8, 8)
 * Rank 0, rank_cols: 0, rank_rows: 0: A_local: [[1.         0.98715919 0.98829865 0.98930957]
 [0.98715919 1.         0.9898814  0.98994457]
 [0.98829865 0.9898814  1.         0.99126262]
 [0.98930957 0.98994457 0.99126262 1.        ]]
\ *n * dr: [-1 -1  1  1]
 *

 * Rank 0, rank_cols: 0, rank_rows: 0: C_local: [[-0.00600424  0.00405119  1.98525839 -0.00468619]
 [ 0.00366661 -0.00638882  1.98349258 -0.00645199]
 [ 0.00477548  0.00692587  1.98238371  0.00591495]
 [-0.00654129 -0.00516006  1.98472134  0.00357732]]
 * proc 0: finished program
rank cols:  0
rank rows:  1
 * Rank 2, rank_cols: 0, rank_rows: 1: A_local: [[0.98903161 0.98938555 0.99024257 0.99195122]
 [0.98756737 0.98972827 0.991512   0.9925866 ]
 [0.98967594 0.98934556 0.98962114 0.98935745]
 [0.98870132 0.99122707 0.99290202 0.9940263 ]]

 * Rank 2, rank_cols: 0, rank_rows: 1: C_local: [[ 0.99137418  0.98993449 -0.99200957  0.99460333]
 [ 0.99011495  0.98861615 -0.99045767  0.99049766]
 [-0.98992075 -0.9887868   0.9884565  -0.98781218]
 [ 0.99062687  0.98923684 -0.99189629  0.99251773]]
 * proc 2: finished program
rank cols:  1
rank rows:  0
 * Rank 1, rank_cols: 1, rank_rows: 0: A_local: [[0.98903161 0.98756737 0.98967594 0.98870132]
 [0.98938555 0.98972827 0.98934556 0.99122707]
 [0.99024257 0.991512   0.98962114 0.99290202]
 [0.99195122 0.9925866  0.98935745 0.9940263 ]]

 * Rank 1, rank_cols: 1, rank_rows: 0: C_local: [[ 7.00739918e-04  3.49996839e-03  1.82501374e-03 -1.98342835e+00]
 [ 5.43146810e-04  3.40148307e-03  1.61775202e-03 -1.98069712e+00]
 [-6.77355489e-04  1.88831401e-03  1.03129001e-03 -1.98030547e+00]
 [ 3.33485782e-05  2.14516174e-05  2.97035695e-04  1.97900004e+00]]
 * proc 1: finished program
rank cols:  1
rank rows:  1
 * Rank 3, rank_cols: 1, rank_rows: 1: A_local: [[1.         0.98951356 0.99050127 0.99058181]
 [0.98951356 1.         0.98836709 0.99792974]
 [0.99050127 0.98836709 1.         0.98831711]
 [0.99058181 0.99792974 0.98831711 1.        ]]

 * Rank 3, rank_cols: 1, rank_rows: 1: C_local: [[-0.99048458 -0.98841433  0.99783252 -1.00009722]
 [-0.9879052  -0.98997546  0.99839164 -0.99953811]
 [-0.99578475 -0.99471651  0.98529832 -0.99479705]
 [-0.99522564 -0.99527563  0.99309147 -0.98359273]]
 * proc 3: finished program
