rank cols:  0
rank rows:  0
Shape of A:  (8, 8)
 * Rank 0, rank_cols: 0, rank_rows: 0: A_local: [[1.         0.98715919 0.98829865 0.98930957]
 [0.98715919 1.         0.9898814  0.98994457]
 [0.98829865 0.9898814  1.         0.99126262]
 [0.98930957 0.98994457 0.99126262 1.        ]]
\ *n * dr: [ 1 -1 -1 -1]
 *

 * Rank 0, rank_cols: 0, rank_rows: 0: C_local: [[ 0.99594881 -0.99399576 -0.99531381 -0.98525839]
 [ 0.99633339 -0.99361118 -0.98349258 -0.99354801]
 [-0.98238371  0.99408505  0.99522452  0.99307413]
 [-0.99642268  0.98472134  0.99483994  0.99345871]]
 * proc 0: finished program
rank cols:  1
rank rows:  0
 * Rank 1, rank_cols: 1, rank_rows: 0: A_local: [[0.98903161 0.98756737 0.98967594 0.98870132]
 [0.98938555 0.98972827 0.98934556 0.99122707]
 [0.99024257 0.991512   0.98962114 0.99290202]
 [0.99195122 0.9925866  0.98935745 0.9940263 ]]

 * Rank 1, rank_cols: 1, rank_rows: 0: C_local: [[ 0.99052633 -0.99472704  0.98940206  0.99220128]
 [ 0.98918512 -0.99312975  0.98811051  0.99096885]
 [ 0.9900629  -0.99127386  0.98835426  0.99091993]
 [-0.9893789   0.9893241  -0.98964259 -0.98965449]]
 * proc 1: finished program
rank cols:  1
rank rows:  1
 * Rank 3, rank_cols: 1, rank_rows: 1: A_local: [[1.         0.98951356 0.99050127 0.99058181]
 [0.98951356 1.         0.98836709 0.99792974]
 [0.99050127 0.98836709 1.         0.98831711]
 [0.99058181 0.99792974 0.98831711 1.        ]]

 * Rank 3, rank_cols: 1, rank_rows: 1: C_local: [[ 0.99783252 -1.00009722 -0.99048458 -0.98841433]
 [ 0.99839164 -0.99953811 -0.9879052  -0.98997546]
 [-0.98529832  0.99479705  0.99578475  0.99471651]
 [ 0.99309147 -0.98359273 -0.99522564 -0.99527563]]
 * proc 3: finished program
rank cols:  0
rank rows:  1
 * Rank 2, rank_cols: 0, rank_rows: 1: A_local: [[0.98903161 0.98938555 0.99024257 0.99195122]
 [0.98756737 0.98972827 0.991512   0.9925866 ]
 [0.98967594 0.98934556 0.98962114 0.98935745]
 [0.98870132 0.99122707 0.99290202 0.9940263 ]]

 * Rank 2, rank_cols: 0, rank_rows: 1: C_local: [[ 5.77034576e-04  2.01672999e-03  1.98396078e+00 -2.65211502e-03]
 [ 7.29405590e-04 -7.69397614e-04 -1.97984322e+00  1.11211589e-03]
 [ 8.89137575e-04 -2.44810804e-04 -1.97748812e+00 -1.21943523e-03]
 [ 3.84297428e-04 -1.00572937e-03 -1.98213887e+00  2.27515470e-03]]
 * proc 2: finished program
